# Observation File: surface_free_ion_species_pflotran.dat column names:
# -----------------------------------------------------------------------------
# Observation Name: time [s]
# -----------------------------------------------------------------------------
# Observation Name: surface free concentration
# Region: east conc
# Functional: average
# Variable: surface-free_ion_species
# Number of Vectors: 4
# =============================================================================
"time [s]" "surface free concentration"
4.320000000000e+06 2.139416653623e-08 1.957706974939e-03 9.760711942037e-04 1.000000000000e-03
4.406400000000e+06 1.284203931386e-08 1.400589237570e-03 7.028263464904e-04 6.877463161715e-04
4.492800000000e+06 1.304892742585e-08 1.412915767088e-03 7.088609944011e-04 6.944975658848e-04
4.579200000000e+06 1.356101377258e-08 1.442001572495e-03 7.230906688595e-04 7.105340117979e-04
4.665600000000e+06 1.390520502073e-08 1.459925343231e-03 7.318489634834e-04 7.205238613540e-04
4.752000000000e+06 1.409194192098e-08 1.469380232941e-03 7.364678753531e-04 7.258174500088e-04
4.838400000000e+06 1.422991934331e-08 1.476625462219e-03 7.400101531547e-04 7.298643735114e-04
4.924800000000e+06 1.437234542067e-08 1.484292800497e-03 7.437608710794e-04 7.341412627929e-04
5.011200000000e+06 1.452838029593e-08 1.492706901572e-03 7.479045222810e-04 7.388132425265e-04
5.097600000000e+06 1.470124937530e-08 1.501974483085e-03 7.524916128931e-04 7.439460684276e-04
5.184000000000e+06 1.488737253608e-08 1.511914385898e-03 7.574198629568e-04 7.494525472754e-04
5.270400000000e+06 1.508573873886e-08 1.522484341590e-03 7.626837318702e-04 7.552956827760e-04
5.356800000000e+06 1.529854567005e-08 1.533796019496e-03 7.683744152718e-04 7.615055108351e-04
5.443200000000e+06 1.553385134748e-08 1.546285297262e-03 7.747522189143e-04 7.682847338775e-04
5.529600000000e+06 1.581276536642e-08 1.561119050556e-03 7.824458561802e-04 7.762387161070e-04
5.616000000000e+06 1.621670646906e-08 1.582956699824e-03 7.938252559380e-04 7.879115106455e-04
5.702400000000e+06 1.670643293606e-08 1.609140785445e-03 8.076990329034e-04 8.017523456221e-04
5.788800000000e+06 1.691480204562e-08 1.618014228413e-03 8.134136532353e-04 8.056110776033e-04
5.875200000000e+06 1.713409015365e-08 1.629250167599e-03 8.206907641746e-04 8.103478225799e-04
5.961600000000e+06 1.722616793838e-08 1.632358837092e-03 8.242416610052e-04 8.102917094643e-04
6.048000000000e+06 1.726482571867e-08 1.633001121464e-03 8.267723980702e-04 8.086340947952e-04
6.134400000000e+06 1.727818603119e-08 1.632295004932e-03 8.287513826418e-04 8.061054669006e-04
6.220800000000e+06 1.726840020496e-08 1.630264832841e-03 8.301234224272e-04 8.027877757624e-04
6.307200000000e+06 1.724250705487e-08 1.627369578586e-03 8.310746168953e-04 7.989750388021e-04
6.393600000000e+06 1.721562763782e-08 1.624511580852e-03 8.320398407645e-04 7.951831320640e-04
6.480000000000e+06 1.719537381831e-08 1.622060745045e-03 8.332035112978e-04 7.916213794519e-04
6.566400000000e+06 2.034692433385e-08 1.880118343186e-03 9.665956487194e-04 9.288289896695e-04
6.652800000000e+06 2.027201050361e-08 1.874241600166e-03 9.660603226350e-04 9.232924076555e-04
6.739200000000e+06 2.020299360012e-08 1.868813170847e-03 9.655688431554e-04 9.181773826685e-04
6.825600000000e+06 2.013965733183e-08 1.863817534194e-03 9.651220351542e-04 9.134667735278e-04
6.912000000000e+06 2.008252955097e-08 1.859300774629e-03 9.647224401423e-04 9.092050202067e-04
6.998400000000e+06 2.003261826085e-08 1.855347096991e-03 9.643755780879e-04 9.054728846771e-04
7.084800000000e+06 1.999058324059e-08 1.852012586905e-03 9.640847607394e-04 9.023243545542e-04
7.171200000000e+06 1.995641260272e-08 1.849299204340e-03 9.638489995410e-04 8.997619761273e-04
7.257600000000e+06 1.992950095510e-08 1.847160823752e-03 9.636635712382e-04 8.977425640531e-04
7.344000000000e+06 1.990889237685e-08 1.845522606928e-03 9.635216351463e-04 8.961955675586e-04
7.430400000000e+06 1.989350001658e-08 1.844298669944e-03 9.634156538176e-04 8.950398445849e-04
7.516800000000e+06 1.988229009629e-08 1.843406955527e-03 9.633385648109e-04 8.941977921183e-04
7.603200000000e+06 1.987443999879e-08 1.842782114845e-03 9.632847417278e-04 8.936076249003e-04
7.689600000000e+06 1.987219948208e-08 1.842603681551e-03 9.632694265722e-04 8.934390527933e-04
7.776000000000e+06 1.987219948208e-08 1.842603681551e-03 9.632694265722e-04 8.934390527933e-04
7.862400000000e+06 1.987219948208e-08 1.842603681551e-03 9.632694265722e-04 8.934390527933e-04
7.948800000000e+06 1.987219948208e-08 1.842603681551e-03 9.632694265722e-04 8.934390527933e-04
8.035200000000e+06 1.987219948208e-08 1.842603681551e-03 9.632694265722e-04 8.934390527933e-04
8.121600000000e+06 1.987219948208e-08 1.842603681551e-03 9.632694265722e-04 8.934390527933e-04
8.208000000000e+06 1.987219948208e-08 1.842603681551e-03 9.632694265722e-04 8.934390527933e-04
8.294400000000e+06 1.987219948208e-08 1.842603681551e-03 9.632694265722e-04 8.934390527933e-04
8.380800000000e+06 1.987219948208e-08 1.842603681551e-03 9.632694265722e-04 8.934390527933e-04
8.467200000000e+06 1.987219948208e-08 1.842603681551e-03 9.632694265722e-04 8.934390527933e-04
8.553600000000e+06 1.987219948208e-08 1.842603681551e-03 9.632694265722e-04 8.934390527933e-04
8.640000000000e+06 1.987185809191e-08 1.842576485868e-03 9.632671285875e-04 8.934133269492e-04
8.726400000000e+06 9.803046350653e-09 1.133263351659e-03 5.968416459698e-04 5.226052552314e-04
8.812800000000e+06 1.123627026333e-08 1.218488442642e-03 6.406481381768e-04 5.662189024500e-04
8.899200000000e+06 1.210136020795e-08 1.266097815313e-03 6.651381449624e-04 5.909265115831e-04
8.985600000000e+06 1.326051433124e-08 1.331532764420e-03 6.988447351107e-04 6.250751279429e-04
9.072000000000e+06 1.434909444412e-08 1.391307867218e-03 7.298591158193e-04 6.564055688897e-04
9.158400000000e+06 1.491425710993e-08 1.419433234760e-03 7.453223870398e-04 6.705388037807e-04
9.244800000000e+06 1.522760258251e-08 1.435225985898e-03 7.553849409912e-04 6.771892746617e-04
9.331200000000e+06 1.537990968144e-08 1.442096611774e-03 7.616310692432e-04 6.783587016558e-04
9.417600000000e+06 1.543913900004e-08 1.443938187337e-03 7.657968553142e-04 6.763587462063e-04
9.504000000000e+06 1.545327413966e-08 1.443402351387e-03 7.690468754815e-04 6.727924557628e-04
9.590400000000e+06 1.546386193149e-08 1.442915396688e-03 7.725663190419e-04 6.690106752110e-04
9.676800000000e+06 1.559069287397e-08 1.450285329131e-03 7.806986865615e-04 6.688296536463e-04
9.763200000000e+06 1.568918819630e-08 1.454795630435e-03 7.883986804463e-04 6.661938515122e-04
9.849600000000e+06 1.564407373340e-08 1.449620155090e-03 7.925152439551e-04 6.571240285644e-04
9.936000000000e+06 1.551654679696e-08 1.439554252800e-03 7.948316092970e-04 6.447766765298e-04
1.002240000000e+07 1.537715630331e-08 1.429033971907e-03 7.968780688072e-04 6.322172194524e-04
1.010880000000e+07 1.528288423408e-08 1.421802983379e-03 8.004014827609e-04 6.215882998884e-04
1.019520000000e+07 1.531782768812e-08 1.423515693217e-03 8.070055499556e-04 6.170958575343e-04
1.028160000000e+07 1.531725701952e-08 1.421833933060e-03 8.107416043801e-04 6.119136597252e-04
1.036800000000e+07 1.530842519123e-08 1.420514154467e-03 8.147189985866e-04 6.068382441480e-04
1.045440000000e+07 1.527729400992e-08 1.417811259525e-03 8.188392362044e-04 6.002229045732e-04
1.054080000000e+07 1.518063867413e-08 1.409957878180e-03 8.206796119165e-04 5.905757869311e-04
1.062720000000e+07 1.505159457630e-08 1.400096176027e-03 8.214361022028e-04 5.799192895841e-04
1.071360000000e+07 1.490984380198e-08 1.389535418525e-03 8.217590042653e-04 5.689658702446e-04
1.080000000000e+07 1.477021585521e-08 1.379226584030e-03 8.221670834982e-04 5.581886481662e-04
1.088640000000e+07 1.630693104796e-08 1.561834934388e-03 9.322925351156e-04 6.364298353196e-04
1.097280000000e+07 1.631635311306e-08 1.560838868439e-03 9.335578552681e-04 6.342809912587e-04
1.105920000000e+07 1.626626086601e-08 1.555656944047e-03 9.338413280529e-04 6.288048898990e-04
1.114560000000e+07 1.619922498463e-08 1.549411568118e-03 9.337641428787e-04 6.225854103284e-04
1.123200000000e+07 1.613545191258e-08 1.543622029518e-03 9.335896105996e-04 6.169147439395e-04
1.131840000000e+07 1.608247869652e-08 1.538885584511e-03 9.333973630852e-04 6.123216777135e-04
1.140480000000e+07 1.604093631069e-08 1.535246428995e-03 9.331997139668e-04 6.088388067744e-04
1.149120000000e+07 1.601557628712e-08 1.533073190451e-03 9.330506408792e-04 6.067874451330e-04
1.157760000000e+07 1.604646031669e-08 1.535604260523e-03 9.333160736651e-04 6.090953278405e-04
1.166400000000e+07 1.610957477341e-08 1.540822961806e-03 9.338172539948e-04 6.138953362681e-04
1.175040000000e+07 1.616966909000e-08 1.545787805046e-03 9.342926023209e-04 6.184643168848e-04
1.183680000000e+07 1.621289254522e-08 1.549354409031e-03 9.346351000584e-04 6.217464159045e-04
1.192320000000e+07 1.623737622665e-08 1.551371066765e-03 9.348307068254e-04 6.236008052117e-04
1.200960000000e+07 1.624345349675e-08 1.551870007099e-03 9.348803449464e-04 6.240585493940e-04
1.209600000000e+07 1.624020096523e-08 1.551589640873e-03 9.348626862443e-04 6.237924419732e-04
1.218240000000e+07 1.622562442960e-08 1.550376536169e-03 9.347547265165e-04 6.226685009856e-04
1.226880000000e+07 1.620470308553e-08 1.548640512308e-03 9.345961765961e-04 6.210637521565e-04
1.235520000000e+07 1.617989244162e-08 1.546584377564e-03 9.344060109038e-04 6.191654035122e-04
1.244160000000e+07 1.615300454035e-08 1.544357947413e-03 9.341981757376e-04 6.171117850935e-04
1.252800000000e+07 1.612536949193e-08 1.542071052131e-03 9.339830570388e-04 6.150041308603e-04
1.261440000000e+07 1.609800311480e-08 1.539807468151e-03 9.337687242034e-04 6.129194930404e-04
1.270080000000e+07 1.607157327950e-08 1.537622188085e-03 9.335606012744e-04 6.109083069247e-04
1.278720000000e+07 1.604607732322e-08 1.535514783658e-03 9.333588554031e-04 6.089699660972e-04
1.287360000000e+07 1.602154019679e-08 1.533487159382e-03 9.331638419360e-04 6.071060411918e-04
1.296000000000e+07 1.599796436657e-08 1.531539421291e-03 9.329757028022e-04 6.053164859450e-04
1.304640000000e+07 1.224863601992e-08 1.266190814704e-03 7.720154813118e-04 4.901710845598e-04
1.313280000000e+07 1.233551397101e-08 1.270679159382e-03 7.755685380346e-04 4.913446824208e-04
1.321920000000e+07 1.244495249673e-08 1.276553414639e-03 7.800141901279e-04 4.930685972130e-04
1.330560000000e+07 1.253377012720e-08 1.280697617984e-03 7.834457969664e-04 4.940296026450e-04
1.339200000000e+07 1.260509690961e-08 1.283915162692e-03 7.863875432987e-04 4.945189808177e-04
1.347840000000e+07 1.265708444013e-08 1.285992294943e-03 7.887510747180e-04 4.944076297038e-04
1.356480000000e+07 1.268896455190e-08 1.286877523406e-03 7.905349272799e-04 4.936445914532e-04
1.365120000000e+07 1.270483930015e-08 1.286813335536e-03 7.918943300128e-04 4.923268903398e-04
1.373760000000e+07 1.270955766083e-08 1.286072485056e-03 7.929845487203e-04 4.905827371757e-04
1.382400000000e+07 1.270674099941e-08 1.284858073113e-03 7.939094877378e-04 4.885188010349e-04
1.391040000000e+07 1.269871899210e-08 1.283304271529e-03 7.947305159560e-04 4.862123372182e-04
1.399680000000e+07 1.268701147247e-08 1.281501621976e-03 7.954845718082e-04 4.837196341956e-04
1.408320000000e+07 1.267268090992e-08 1.279515705669e-03 7.961974827613e-04 4.810822665050e-04
1.416960000000e+07 1.265662100155e-08 1.277401709874e-03 7.968926557616e-04 4.783336301681e-04
1.425600000000e+07 1.263975220148e-08 1.275215303703e-03 7.975973722363e-04 4.755039640459e-04
1.434240000000e+07 1.262185591002e-08 1.272941541017e-03 7.982967126886e-04 4.725924143946e-04
1.442880000000e+07 1.260545181717e-08 1.270738120814e-03 7.990877575819e-04 4.696656332639e-04
1.451520000000e+07 1.259449383339e-08 1.268830713638e-03 8.001159507737e-04 4.668134172013e-04
1.460160000000e+07 1.259355457729e-08 1.267473386524e-03 8.015517387103e-04 4.641307036613e-04
1.468800000000e+07 1.260372568493e-08 1.266703127548e-03 8.034326092775e-04 4.616200847659e-04
1.477440000000e+07 1.262852944799e-08 1.266729952663e-03 8.059129693251e-04 4.593468433051e-04
1.486080000000e+07 1.269421238575e-08 1.269149722492e-03 8.100695310742e-04 4.578978322759e-04
1.494720000000e+07 1.275016926809e-08 1.270645010767e-03 8.137976898725e-04 4.559352611168e-04
1.503360000000e+07 1.275707560647e-08 1.269114034068e-03 8.156938673117e-04 4.526624942992e-04
1.512000000000e+07 1.274380092771e-08 1.266634922339e-03 8.170274919179e-04 4.489591225363e-04
