# Observation File: observation_flux.dat column names:
# -----------------------------------------------------------------------------
# Observation Name: time [s]
# -----------------------------------------------------------------------------
# Observation Name: observation mass flux
# Region: observation region
# Functional: extensive integral
# Variable: mass_flux
# Number of Vectors: 1
# =============================================================================
"time [s]" "observation mass flux"
0.000000000000e+00 1.475712404037e-15
6.000000000000e+02 1.475712424772e-15
1.200000000000e+03 1.475712445506e-15
1.800000000000e+03 1.475712466076e-15
2.400000000000e+03 1.475712486646e-15
3.000000000000e+03 1.475712507215e-15
3.600000000000e+03 1.475712527959e-15
4.200000000000e+03 1.475712548694e-15
4.800000000000e+03 1.475712569260e-15
5.400000000000e+03 1.475712590172e-15
6.000000000000e+03 1.475712610907e-15
6.600000000000e+03 1.475712631473e-15
7.200000000000e+03 1.475712652208e-15
7.800000000000e+03 1.475712672952e-15
8.400000000000e+03 1.475712693686e-15
9.000000000000e+03 1.475712714256e-15
9.600000000000e+03 1.475712734826e-15
1.020000000000e+04 1.475712755570e-15
1.080000000000e+04 1.475712776136e-15
1.140000000000e+04 1.475712797039e-15
1.200000000000e+04 1.475712817605e-15
1.260000000000e+04 1.475712838340e-15
1.320000000000e+04 1.475712859074e-15
1.380000000000e+04 1.475712879812e-15
1.440000000000e+04 1.475712900391e-15
1.500000000000e+04 1.475712920957e-15
1.560000000000e+04 1.475712941860e-15
1.620000000000e+04 1.475712962594e-15
1.680000000000e+04 1.475712983170e-15
1.740000000000e+04 1.475713004073e-15
1.800000000000e+04 1.475713024639e-15
1.860000000000e+04 1.475713045215e-15
1.920000000000e+04 1.475713065785e-15
1.980000000000e+04 1.475713086523e-15
2.040000000000e+04 1.475713107257e-15
2.100000000000e+04 1.475713127833e-15
2.160000000000e+04 1.475713148568e-15
2.220000000000e+04 1.475713169134e-15
2.280000000000e+04 1.475713189869e-15
2.340000000000e+04 1.475713210606e-15
2.400000000000e+04 1.475713231176e-15
2.460000000000e+04 1.475713252075e-15
2.520000000000e+04 1.475713272651e-15
2.580000000000e+04 1.475713293221e-15
2.640000000000e+04 1.475713313791e-15
2.700000000000e+04 1.475713334360e-15
2.760000000000e+04 1.475713354936e-15
2.820000000000e+04 1.475713375671e-15
2.880000000000e+04 1.475713396241e-15
2.940000000000e+04 1.475713416975e-15
3.000000000000e+04 1.475713437719e-15
3.060000000000e+04 1.475713458454e-15
3.120000000000e+04 1.475713479188e-15
3.180000000000e+04 1.475713499932e-15
3.240000000000e+04 1.475713520499e-15
3.300000000000e+04 1.475713541068e-15
3.360000000000e+04 1.475713561638e-15
3.420000000000e+04 1.475713582372e-15
3.480000000000e+04 1.475713602942e-15
3.540000000000e+04 1.475713623676e-15
3.600000000000e+04 1.475713644243e-15
3.660000000000e+04 1.475713664987e-15
3.720000000000e+04 1.475713685560e-15
3.780000000000e+04 1.475713706294e-15
3.840000000000e+04 1.475713727038e-15
3.900000000000e+04 1.475713747605e-15
3.960000000000e+04 1.475713768339e-15
4.020000000000e+04 1.475713789074e-15
4.080000000000e+04 1.475713809818e-15
4.140000000000e+04 1.475713830552e-15
4.200000000000e+04 1.475713851122e-15
4.260000000000e+04 1.475713871866e-15
4.320000000000e+04 1.475713892601e-15
4.380000000000e+04 1.475713913335e-15
4.440000000000e+04 1.475713934070e-15
4.500000000000e+04 1.475713954639e-15
4.560000000000e+04 1.475713975374e-15
4.620000000000e+04 1.475713995943e-15
4.680000000000e+04 1.475714016678e-15
4.740000000000e+04 1.475714037587e-15
4.800000000000e+04 1.475714058321e-15
4.860000000000e+04 1.475714078891e-15
4.920000000000e+04 1.475714099467e-15
4.980000000000e+04 1.475714120201e-15
5.040000000000e+04 1.475714140771e-15
5.100000000000e+04 1.475714161341e-15
5.160000000000e+04 1.475714181917e-15
5.220000000000e+04 1.475714202651e-15
5.280000000000e+04 1.475714223386e-15
5.340000000000e+04 1.475714244120e-15
5.400000000000e+04 1.475714264861e-15
5.460000000000e+04 1.475714285434e-15
5.520000000000e+04 1.475714306333e-15
5.580000000000e+04 1.475714327236e-15
5.640000000000e+04 1.475714347802e-15
5.700000000000e+04 1.475714368536e-15
5.760000000000e+04 1.475714389109e-15
5.820000000000e+04 1.475714409853e-15
5.880000000000e+04 1.475714430420e-15
5.940000000000e+04 1.475714450990e-15
6.000000000000e+04 1.475714471556e-15
6.060000000000e+04 1.475714492465e-15
6.120000000000e+04 1.475714513035e-15
6.180000000000e+04 1.475714533607e-15
6.240000000000e+04 1.475714554180e-15
6.300000000000e+04 1.475714574750e-15
6.360000000000e+04 1.475714595484e-15
6.420000000000e+04 1.475714616219e-15
6.480000000000e+04 1.475714636795e-15
6.540000000000e+04 1.475714657529e-15
6.600000000000e+04 1.475714678432e-15
6.660000000000e+04 1.475714698998e-15
6.720000000000e+04 1.475714719736e-15
6.780000000000e+04 1.475714740309e-15
6.840000000000e+04 1.475714761043e-15
6.900000000000e+04 1.475714781784e-15
6.960000000000e+04 1.475714802351e-15
7.020000000000e+04 1.475714822920e-15
7.080000000000e+04 1.475714843490e-15
7.140000000000e+04 1.475714864234e-15
7.200000000000e+04 1.475714884804e-15
7.260000000000e+04 1.475714905370e-15
7.320000000000e+04 1.475714925937e-15
7.380000000000e+04 1.475714946681e-15
7.440000000000e+04 1.475714967418e-15
7.500000000000e+04 1.475714988153e-15
7.560000000000e+04 1.475715008897e-15
7.620000000000e+04 1.475715029467e-15
7.680000000000e+04 1.475715050033e-15
7.740000000000e+04 1.475715070768e-15
7.800000000000e+04 1.475715091502e-15
7.860000000000e+04 1.475715112236e-15
7.920000000000e+04 1.475715132806e-15
7.980000000000e+04 1.475715153541e-15
8.040000000000e+04 1.475715174120e-15
8.100000000000e+04 1.475715194690e-15
8.160000000000e+04 1.475715215256e-15
8.220000000000e+04 1.475715236000e-15
8.280000000000e+04 1.475715256570e-15
8.340000000000e+04 1.475715277304e-15
8.400000000000e+04 1.475715298039e-15
8.460000000000e+04 1.475715318618e-15
8.520000000000e+04 1.475715339517e-15
8.580000000000e+04 1.475715360087e-15
8.640000000000e+04 1.475715380657e-15
8.700000000000e+04 1.475715401233e-15
8.760000000000e+04 1.475715421802e-15
8.820000000000e+04 1.475715442372e-15
8.880000000000e+04 1.475715463106e-15
8.940000000000e+04 1.475715483841e-15
9.000000000000e+04 1.475715504407e-15
9.060000000000e+04 1.475715525142e-15
9.120000000000e+04 1.475715545721e-15
9.180000000000e+04 1.475715566620e-15
9.240000000000e+04 1.475715587355e-15
9.300000000000e+04 1.475715607931e-15
9.360000000000e+04 1.475715628669e-15
9.420000000000e+04 1.475715649238e-15
9.480000000000e+04 1.475715669973e-15
9.540000000000e+04 1.475715690714e-15
9.600000000000e+04 1.475715711283e-15
9.660000000000e+04 1.475715732018e-15
9.720000000000e+04 1.475715752587e-15
9.780000000000e+04 1.475715773167e-15
9.840000000000e+04 1.475715793733e-15
9.900000000000e+04 1.475715814468e-15
9.960000000000e+04 1.475715835202e-15
1.002000000000e+05 1.475715855772e-15
1.008000000000e+05 1.475715876671e-15
1.014000000000e+05 1.475715897244e-15
1.020000000000e+05 1.475715918149e-15
1.026000000000e+05 1.475715938884e-15
1.032000000000e+05 1.475715959454e-15
1.038000000000e+05 1.475715980188e-15
1.044000000000e+05 1.475716000767e-15
1.050000000000e+05 1.475716021502e-15
1.056000000000e+05 1.475716042236e-15
1.062000000000e+05 1.475716062816e-15
1.068000000000e+05 1.475716083550e-15
1.074000000000e+05 1.475716104116e-15
1.080000000000e+05 1.475716124851e-15
1.086000000000e+05 1.475716145763e-15
1.092000000000e+05 1.475716166329e-15
1.098000000000e+05 1.475716187064e-15
1.104000000000e+05 1.475716207637e-15
1.110000000000e+05 1.475716228371e-15
1.116000000000e+05 1.475716249106e-15
1.122000000000e+05 1.475716269672e-15
1.128000000000e+05 1.475716290416e-15
1.134000000000e+05 1.475716310986e-15
1.140000000000e+05 1.475716331720e-15
1.146000000000e+05 1.475716352455e-15
1.152000000000e+05 1.475716373034e-15
1.158000000000e+05 1.475716393933e-15
1.164000000000e+05 1.475716414503e-15
1.170000000000e+05 1.475716435069e-15
1.176000000000e+05 1.475716455649e-15
1.182000000000e+05 1.475716476215e-15
1.188000000000e+05 1.475716496788e-15
1.194000000000e+05 1.475716517361e-15
1.200000000000e+05 1.475716537934e-15
1.206000000000e+05 1.475716558668e-15
1.212000000000e+05 1.475716579235e-15
1.218000000000e+05 1.475716599972e-15
1.224000000000e+05 1.475716620707e-15
1.230000000000e+05 1.475716641441e-15
1.236000000000e+05 1.475716662176e-15
1.242000000000e+05 1.475716682755e-15
1.248000000000e+05 1.475716703490e-15
1.254000000000e+05 1.475716724224e-15
1.260000000000e+05 1.475716744797e-15
1.266000000000e+05 1.475716765531e-15
1.272000000000e+05 1.475716786104e-15
1.278000000000e+05 1.475716806839e-15
1.284000000000e+05 1.475716827580e-15
1.290000000000e+05 1.475716848149e-15
1.296000000000e+05 1.475716868719e-15
1.302000000000e+05 1.475716889285e-15
1.308000000000e+05 1.475716910029e-15
1.314000000000e+05 1.475716930599e-15
1.320000000000e+05 1.475716951169e-15
1.326000000000e+05 1.475716971903e-15
1.332000000000e+05 1.475716992470e-15
1.338000000000e+05 1.475717013039e-15
1.344000000000e+05 1.475717033777e-15
1.350000000000e+05 1.475717054353e-15
1.356000000000e+05 1.475717074923e-15
1.362000000000e+05 1.475717095489e-15
1.368000000000e+05 1.475717116224e-15
1.374000000000e+05 1.475717136968e-15
1.380000000000e+05 1.475717157537e-15
1.386000000000e+05 1.475717178272e-15
1.392000000000e+05 1.475717198851e-15
1.398000000000e+05 1.475717219586e-15
1.404000000000e+05 1.475717240320e-15
1.410000000000e+05 1.475717260890e-15
1.416000000000e+05 1.475717281634e-15
1.422000000000e+05 1.475717302200e-15
1.428000000000e+05 1.475717322770e-15
1.434000000000e+05 1.475717343340e-15
1.440000000000e+05 1.475717364074e-15
1.446000000000e+05 1.475717384809e-15
1.452000000000e+05 1.475717405378e-15
1.458000000000e+05 1.475717426122e-15
1.464000000000e+05 1.475717446689e-15
1.470000000000e+05 1.475717467423e-15
1.476000000000e+05 1.475717488158e-15
1.482000000000e+05 1.475717508902e-15
1.488000000000e+05 1.475717529639e-15
1.494000000000e+05 1.475717550206e-15
1.500000000000e+05 1.475717570950e-15
1.506000000000e+05 1.475717591684e-15
1.512000000000e+05 1.475717612254e-15
1.518000000000e+05 1.475717632989e-15
1.524000000000e+05 1.475717653561e-15
1.530000000000e+05 1.475717674134e-15
1.536000000000e+05 1.475717694704e-15
1.542000000000e+05 1.475717715606e-15
1.548000000000e+05 1.475717736341e-15
1.554000000000e+05 1.475717756907e-15
1.560000000000e+05 1.475717777810e-15
1.566000000000e+05 1.475717798386e-15
1.572000000000e+05 1.475717819288e-15
1.578000000000e+05 1.475717840023e-15
1.584000000000e+05 1.475717860757e-15
1.590000000000e+05 1.475717881498e-15
1.596000000000e+05 1.475717902068e-15
1.602000000000e+05 1.475717922802e-15
1.608000000000e+05 1.475717943537e-15
1.614000000000e+05 1.475717964278e-15
1.620000000000e+05 1.475717985012e-15
1.626000000000e+05 1.475718005582e-15
1.632000000000e+05 1.475718026161e-15
1.638000000000e+05 1.475718047064e-15
1.644000000000e+05 1.475718067630e-15
1.650000000000e+05 1.475718088364e-15
1.656000000000e+05 1.475718108934e-15
1.662000000000e+05 1.475718129837e-15
1.668000000000e+05 1.475718150406e-15
1.674000000000e+05 1.475718170973e-15
1.680000000000e+05 1.475718191552e-15
1.686000000000e+05 1.475718212286e-15
1.692000000000e+05 1.475718233186e-15
1.698000000000e+05 1.475718253765e-15
1.704000000000e+05 1.475718274331e-15
1.710000000000e+05 1.475718294733e-15
1.716000000000e+05 1.475718314805e-15
1.722000000000e+05 1.475718334554e-15
1.728000000000e+05 1.475718353466e-15
1.734000000000e+05 1.475718371212e-15
1.740000000000e+05 1.475718386473e-15
1.746000000000e+05 1.475718396770e-15
1.752000000000e+05 1.475718397762e-15
1.758000000000e+05 1.475718380181e-15
1.764000000000e+05 1.475718323617e-15
1.770000000000e+05 1.475718181962e-15
1.776000000000e+05 1.475717845564e-15
1.782000000000e+05 1.475717163483e-15
1.788000000000e+05 1.475715732984e-15
1.794000000000e+05 1.475712646873e-15
1.800000000000e+05 1.475705971047e-15
1.806000000000e+05 1.475691694475e-15
1.812000000000e+05 1.475661745500e-15
1.818000000000e+05 1.475600353492e-15
1.824000000000e+05 1.475477567478e-15
1.830000000000e+05 1.475237944925e-15
1.836000000000e+05 1.474781026970e-15
1.842000000000e+05 1.473927466055e-15
1.848000000000e+05 1.472358812115e-15
1.854000000000e+05 1.469505580104e-15
1.860000000000e+05 1.464326847432e-15
1.866000000000e+05 1.454850218568e-15
1.872000000000e+05 1.437164435156e-15
1.878000000000e+05 1.403139480861e-15
1.884000000000e+05 1.335173423487e-15
1.890000000000e+05 1.194039291629e-15
1.896000000000e+05 8.888382420745e-16
1.902000000000e+05 2.071670840601e-16
1.908000000000e+05 -9.855804140403e-16
1.914000000000e+05 -3.563596060923e-15
1.920000000000e+05 -9.215367392971e-15
1.926000000000e+05 -2.137943655590e-14
1.932000000000e+05 -4.696094120010e-14
1.938000000000e+05 -9.938921307831e-14
1.944000000000e+05 -2.039879489498e-13
1.950000000000e+05 -4.071737907565e-13
1.956000000000e+05 -7.919902375892e-13
1.962000000000e+05 -1.504405352152e-12
1.968000000000e+05 -2.798965778534e-12
1.974000000000e+05 -5.122063379206e-12
1.980000000000e+05 -9.274065200806e-12
1.986000000000e+05 -1.674630508478e-11
1.992000000000e+05 -3.045844041525e-11
1.998000000000e+05 -5.642620344158e-11
2.004000000000e+05 -1.076003214574e-10
2.010000000000e+05 -2.127484201364e-10
2.016000000000e+05 -4.368730489301e-10
2.022000000000e+05 -9.273113315603e-10
2.028000000000e+05 -2.014887870065e-09
2.034000000000e+05 -4.427918715026e-09
2.040000000000e+05 -9.726724028440e-09
2.046000000000e+05 -2.114869783524e-08
2.052000000000e+05 -4.518249351023e-08
2.058000000000e+05 -9.437907611203e-08
2.064000000000e+05 -1.921694027641e-07
2.070000000000e+05 -3.807964489285e-07
2.076000000000e+05 -7.338649016869e-07
2.082000000000e+05 -1.375401610278e-06
2.088000000000e+05 -2.507550347136e-06
2.094000000000e+05 -4.448774602116e-06
2.100000000000e+05 -7.683118226343e-06
2.106000000000e+05 -1.291776170854e-05
2.112000000000e+05 -2.113989456310e-05
2.118000000000e+05 -3.365520129158e-05
2.124000000000e+05 -5.208346277446e-05
2.130000000000e+05 -7.829217801444e-05
2.136000000000e+05 -1.142762242200e-04
2.142000000000e+05 -1.620304645786e-04
2.148000000000e+05 -2.234761924581e-04
2.154000000000e+05 -3.004658357688e-04
2.160000000000e+05 -3.948337887364e-04
2.166000000000e+05 -5.084390298900e-04
2.172000000000e+05 -6.431668879781e-04
2.178000000000e+05 -8.008894546570e-04
2.184000000000e+05 -9.834008138351e-04
2.190000000000e+05 -1.192344116690e-03
2.196000000000e+05 -1.429142210934e-03
2.202000000000e+05 -1.694938450971e-03
2.208000000000e+05 -1.990551154878e-03
2.214000000000e+05 -2.316443489438e-03
2.220000000000e+05 -2.672709596245e-03
2.226000000000e+05 -3.059076997156e-03
2.232000000000e+05 -3.474924438112e-03
2.238000000000e+05 -3.919313171051e-03
2.244000000000e+05 -4.391028184943e-03
2.250000000000e+05 -4.888624347908e-03
2.256000000000e+05 -5.410471669499e-03
2.262000000000e+05 -5.954795192468e-03
2.268000000000e+05 -6.519708742957e-03
2.274000000000e+05 -7.103245871413e-03
2.280000000000e+05 -7.703392443899e-03
2.286000000000e+05 -8.318122571113e-03
2.292000000000e+05 -8.945435690815e-03
2.298000000000e+05 -9.583390778928e-03
2.304000000000e+05 -1.023013432884e-02
2.310000000000e+05 -1.088392049577e-02
2.316000000000e+05 -1.154312336536e-02
2.322000000000e+05 -1.220624223778e-02
2.328000000000e+05 -1.287190121978e-02
2.334000000000e+05 -1.353884450855e-02
2.340000000000e+05 -1.420592869599e-02
2.346000000000e+05 -1.487211330516e-02
2.352000000000e+05 -1.553645062460e-02
2.358000000000e+05 -1.619807573510e-02
2.364000000000e+05 -1.685619741655e-02
2.370000000000e+05 -1.751009036315e-02
2.376000000000e+05 -1.815908882366e-02
2.382000000000e+05 -1.880258146425e-02
2.388000000000e+05 -1.944000704075e-02
2.394000000000e+05 -2.007085049407e-02
2.400000000000e+05 -2.069463935494e-02
2.406000000000e+05 -2.131094066572e-02
2.412000000000e+05 -2.191935874665e-02
2.418000000000e+05 -2.251953398687e-02
2.424000000000e+05 -2.311114257088e-02
2.430000000000e+05 -2.369389683668e-02
2.436000000000e+05 -2.426754587935e-02
2.442000000000e+05 -2.483187604121e-02
2.448000000000e+05 -2.538671101636e-02
2.454000000000e+05 -2.593191139972e-02
2.460000000000e+05 -2.646737360627e-02
2.466000000000e+05 -2.699302816583e-02
2.472000000000e+05 -2.750883746090e-02
2.478000000000e+05 -2.801479302002e-02
2.484000000000e+05 -2.851091250834e-02
2.490000000000e+05 -2.899723657020e-02
2.496000000000e+05 -2.947382567446e-02
2.502000000000e+05 -2.994075709066e-02
2.508000000000e+05 -3.039812208442e-02
2.514000000000e+05 -3.084602337228e-02
2.520000000000e+05 -3.128457283656e-02
2.526000000000e+05 -3.171388948572e-02
2.532000000000e+05 -3.213409765772e-02
2.538000000000e+05 -3.254532548545e-02
2.544000000000e+05 -3.294770365493e-02
2.550000000000e+05 -3.334136447755e-02
2.556000000000e+05 -3.372644127399e-02
2.562000000000e+05 -3.410306803968e-02
2.568000000000e+05 -3.447137934002e-02
2.574000000000e+05 -3.483151037048e-02
2.580000000000e+05 -3.518359711370e-02
2.586000000000e+05 -3.552777653051e-02
2.592000000000e+05 -3.586418673098e-02
2.598000000000e+05 -3.619296708517e-02
2.604000000000e+05 -3.651425824722e-02
2.610000000000e+05 -3.682820208067e-02
2.616000000000e+05 -3.713494148611e-02
2.622000000000e+05 -3.743462014271e-02
2.628000000000e+05 -3.772738218268e-02
2.634000000000e+05 -3.801337182080e-02
2.640000000000e+05 -3.829273296006e-02
2.646000000000e+05 -3.856560879092e-02
2.652000000000e+05 -3.883214139661e-02
2.658000000000e+05 -3.909247137466e-02
2.664000000000e+05 -3.934673748412e-02
2.670000000000e+05 -3.959507632936e-02
2.676000000000e+05 -3.983762209130e-02
2.682000000000e+05 -4.007450631604e-02
2.688000000000e+05 -4.030585776722e-02
2.694000000000e+05 -4.053180234402e-02
2.700000000000e+05 -4.075246306172e-02
2.706000000000e+05 -4.096796008763e-02
2.712000000000e+05 -4.117841082158e-02
2.718000000000e+05 -4.138393000866e-02
2.724000000000e+05 -4.158462987093e-02
2.730000000000e+05 -4.178062024571e-02
2.736000000000e+05 -4.197200871953e-02
2.742000000000e+05 -4.215890074926e-02
2.748000000000e+05 -4.234139976454e-02
2.754000000000e+05 -4.251960724846e-02
2.760000000000e+05 -4.269362279597e-02
2.766000000000e+05 -4.286354415119e-02
2.772000000000e+05 -4.302946722621e-02
2.778000000000e+05 -4.319148610421e-02
2.784000000000e+05 -4.334969303007e-02
2.790000000000e+05 -4.350417839164e-02
2.796000000000e+05 -4.365503069515e-02
2.802000000000e+05 -4.380233653830e-02
2.808000000000e+05 -4.394618058482e-02
2.814000000000e+05 -4.408664554426e-02
2.820000000000e+05 -4.422381216010e-02
2.826000000000e+05 -4.435775920860e-02
2.832000000000e+05 -4.448856350997e-02
2.838000000000e+05 -4.461629995206e-02
2.844000000000e+05 -4.474104152600e-02
2.850000000000e+05 -4.486285937235e-02
2.856000000000e+05 -4.498182283549e-02
2.862000000000e+05 -4.509799952372e-02
2.868000000000e+05 -4.521145537252e-02
2.874000000000e+05 -4.532225470827e-02
2.880000000000e+05 -4.543046031039e-02
2.886000000000e+05 -4.553613346999e-02
2.892000000000e+05 -4.563933404398e-02
2.898000000000e+05 -4.574012050379e-02
2.904000000000e+05 -4.583854997831e-02
2.910000000000e+05 -4.593467829132e-02
2.916000000000e+05 -4.602855999335e-02
2.922000000000e+05 -4.612024838866e-02
2.928000000000e+05 -4.620979555798e-02
2.934000000000e+05 -4.629725237773e-02
2.940000000000e+05 -4.638266853676e-02
2.946000000000e+05 -4.646609255158e-02
2.952000000000e+05 -4.654757178119e-02
2.958000000000e+05 -4.662715244231e-02
2.964000000000e+05 -4.670487962584e-02
2.970000000000e+05 -4.678079731519e-02
2.976000000000e+05 -4.685494840670e-02
2.982000000000e+05 -4.692737473227e-02
2.988000000000e+05 -4.699811708413e-02
2.994000000000e+05 -4.706721524136e-02
3.000000000000e+05 -4.713470799775e-02
3.006000000000e+05 -4.720063319047e-02
3.012000000000e+05 -4.726502772898e-02
3.018000000000e+05 -4.732792762373e-02
3.024000000000e+05 -4.738936801408e-02
3.030000000000e+05 -4.744938319528e-02
3.036000000000e+05 -4.750800664393e-02
3.042000000000e+05 -4.756527104205e-02
3.048000000000e+05 -4.762120829937e-02
3.054000000000e+05 -4.767584957405e-02
3.060000000000e+05 -4.772922529166e-02
3.066000000000e+05 -4.778136516273e-02
3.072000000000e+05 -4.783229819887e-02
3.078000000000e+05 -4.788205272778e-02
3.084000000000e+05 -4.793065640739e-02
3.090000000000e+05 -4.797813623934e-02
3.096000000000e+05 -4.802451858211e-02
3.102000000000e+05 -4.806982916397e-02
3.108000000000e+05 -4.811409309595e-02
3.114000000000e+05 -4.815733488502e-02
3.120000000000e+05 -4.819957844746e-02
3.126000000000e+05 -4.824084712248e-02
3.132000000000e+05 -4.828116368611e-02
3.138000000000e+05 -4.832055036526e-02
3.144000000000e+05 -4.835902885181e-02
3.150000000000e+05 -4.839662031677e-02
3.156000000000e+05 -4.843334542422e-02
3.162000000000e+05 -4.846922434503e-02
3.168000000000e+05 -4.850427677032e-02
3.174000000000e+05 -4.853852192436e-02
3.180000000000e+05 -4.857197857717e-02
3.186000000000e+05 -4.860466505642e-02
3.192000000000e+05 -4.863659925891e-02
3.198000000000e+05 -4.866779866145e-02
3.204000000000e+05 -4.869828033116e-02
3.210000000000e+05 -4.872806093534e-02
3.216000000000e+05 -4.875715675083e-02
3.222000000000e+05 -4.878558367295e-02
3.228000000000e+05 -4.881335722417e-02
3.234000000000e+05 -4.884049256239e-02
3.240000000000e+05 -4.886700448915e-02
3.246000000000e+05 -4.889290745753e-02
3.252000000000e+05 -4.891821558004e-02
3.258000000000e+05 -4.894294263637e-02
3.264000000000e+05 -4.896710208109e-02
3.270000000000e+05 -4.899070705128e-02
3.276000000000e+05 -4.901377037411e-02
3.282000000000e+05 -4.903630457435e-02
3.288000000000e+05 -4.905832188179e-02
3.294000000000e+05 -4.907983423851e-02
3.300000000000e+05 -4.910085330610e-02
3.306000000000e+05 -4.912139047267e-02
3.312000000000e+05 -4.914145685970e-02
3.318000000000e+05 -4.916106332871e-02
3.324000000000e+05 -4.918022048776e-02
3.330000000000e+05 -4.919893869765e-02
3.336000000000e+05 -4.921722807801e-02
3.342000000000e+05 -4.923509851315e-02
3.348000000000e+05 -4.925255965764e-02
3.354000000000e+05 -4.926962094181e-02
3.360000000000e+05 -4.928629157694e-02
3.366000000000e+05 -4.930258056040e-02
3.372000000000e+05 -4.931849668057e-02
3.378000000000e+05 -4.933404852163e-02
3.384000000000e+05 -4.934924446828e-02
3.390000000000e+05 -4.936409271028e-02
3.396000000000e+05 -4.937860124697e-02
3.402000000000e+05 -4.939277789166e-02
3.408000000000e+05 -4.940663027598e-02
3.414000000000e+05 -4.942016585408e-02
3.420000000000e+05 -4.943339190683e-02
3.426000000000e+05 -4.944631554594e-02
3.432000000000e+05 -4.945894371796e-02
3.438000000000e+05 -4.947128320822e-02
3.444000000000e+05 -4.948334064468e-02
3.450000000000e+05 -4.949512250173e-02
3.456000000000e+05 -4.950663510386e-02
3.462000000000e+05 -4.951788462922e-02
3.468000000000e+05 -4.952887711316e-02
3.474000000000e+05 -4.953961845158e-02
3.480000000000e+05 -4.955011440427e-02
3.486000000000e+05 -4.956037059811e-02
3.492000000000e+05 -4.957039253018e-02
3.498000000000e+05 -4.958018557078e-02
3.504000000000e+05 -4.958975496642e-02
3.510000000000e+05 -4.959910584264e-02
3.516000000000e+05 -4.960824320684e-02
3.522000000000e+05 -4.961717195100e-02
3.528000000000e+05 -4.962589685432e-02
3.534000000000e+05 -4.963442258585e-02
3.540000000000e+05 -4.964275370699e-02
3.546000000000e+05 -4.965089467404e-02
3.552000000000e+05 -4.965884984057e-02
3.558000000000e+05 -4.966662345982e-02
3.564000000000e+05 -4.967421968707e-02
3.570000000000e+05 -4.968164258187e-02
3.576000000000e+05 -4.968889611030e-02
3.582000000000e+05 -4.969598414716e-02
3.588000000000e+05 -4.970291047808e-02
3.594000000000e+05 -4.970967880165e-02
3.600000000000e+05 -4.971629273138e-02
3.606000000000e+05 -4.972275579778e-02
3.612000000000e+05 -4.972907145023e-02
3.618000000000e+05 -4.973524305890e-02
3.624000000000e+05 -4.974127391659e-02
3.630000000000e+05 -4.974716724053e-02
3.636000000000e+05 -4.975292617412e-02
3.642000000000e+05 -4.975855378863e-02
3.648000000000e+05 -4.976405308491e-02
3.654000000000e+05 -4.976942699495e-02
3.660000000000e+05 -4.977467838351e-02
3.666000000000e+05 -4.977981004967e-02
3.672000000000e+05 -4.978482472831e-02
3.678000000000e+05 -4.978972509159e-02
3.684000000000e+05 -4.979451375043e-02
3.690000000000e+05 -4.979919325587e-02
3.696000000000e+05 -4.980376610049e-02
3.702000000000e+05 -4.980823471973e-02
3.708000000000e+05 -4.981260149322e-02
3.714000000000e+05 -4.981686874605e-02
3.720000000000e+05 -4.982103875005e-02
3.726000000000e+05 -4.982511372503e-02
3.732000000000e+05 -4.982909583994e-02
3.738000000000e+05 -4.983298721407e-02
3.744000000000e+05 -4.983678991821e-02
3.750000000000e+05 -4.984050597574e-02
3.756000000000e+05 -4.984413736375e-02
3.762000000000e+05 -4.984768601409e-02
3.768000000000e+05 -4.985115381442e-02
3.774000000000e+05 -4.985454260922e-02
3.780000000000e+05 -4.985785420079e-02
3.786000000000e+05 -4.986109035023e-02
3.792000000000e+05 -4.986425277836e-02
3.798000000000e+05 -4.986734316666e-02
3.804000000000e+05 -4.987036315817e-02
3.810000000000e+05 -4.987331435839e-02
3.816000000000e+05 -4.987619833610e-02
3.822000000000e+05 -4.987901662423e-02
3.828000000000e+05 -4.988177072068e-02
3.834000000000e+05 -4.988446208912e-02
3.840000000000e+05 -4.988709215977e-02
3.846000000000e+05 -4.988966233017e-02
3.852000000000e+05 -4.989217396594e-02
3.858000000000e+05 -4.989462840149e-02
3.864000000000e+05 -4.989702694075e-02
3.870000000000e+05 -4.989937085787e-02
3.876000000000e+05 -4.990166139791e-02
3.882000000000e+05 -4.990389977748e-02
3.888000000000e+05 -4.990608718543e-02
3.894000000000e+05 -4.990822478344e-02
3.900000000000e+05 -4.991031370669e-02
3.906000000000e+05 -4.991235506445e-02
3.912000000000e+05 -4.991434994066e-02
3.918000000000e+05 -4.991629939453e-02
3.924000000000e+05 -4.991820446110e-02
3.930000000000e+05 -4.992006615176e-02
3.936000000000e+05 -4.992188545487e-02
3.942000000000e+05 -4.992366333620e-02
3.948000000000e+05 -4.992540073951e-02
3.954000000000e+05 -4.992709858701e-02
3.960000000000e+05 -4.992875777988e-02
3.966000000000e+05 -4.993037919875e-02
3.972000000000e+05 -4.993196370415e-02
3.978000000000e+05 -4.993351213698e-02
3.984000000000e+05 -4.993502531897e-02
3.990000000000e+05 -4.993650405310e-02
3.996000000000e+05 -4.993794912404e-02
4.002000000000e+05 -4.993936129857e-02
4.008000000000e+05 -4.994074132597e-02
4.014000000000e+05 -4.994208993844e-02
4.020000000000e+05 -4.994340785151e-02
4.026000000000e+05 -4.994469576435e-02
4.032000000000e+05 -4.994595436023e-02
4.038000000000e+05 -4.994718430681e-02
4.044000000000e+05 -4.994838625656e-02
4.050000000000e+05 -4.994956084705e-02
4.056000000000e+05 -4.995070870134e-02
4.062000000000e+05 -4.995183042827e-02
4.068000000000e+05 -4.995292662280e-02
4.074000000000e+05 -4.995399786637e-02
4.080000000000e+05 -4.995504472711e-02
4.086000000000e+05 -4.995606776024e-02
4.092000000000e+05 -4.995706750833e-02
4.098000000000e+05 -4.995804450156e-02
4.104000000000e+05 -4.995899925805e-02
4.110000000000e+05 -4.995993228409e-02
4.116000000000e+05 -4.996084407448e-02
4.122000000000e+05 -4.996173511269e-02
4.128000000000e+05 -4.996260587121e-02
4.134000000000e+05 -4.996345681176e-02
4.140000000000e+05 -4.996428838553e-02
4.146000000000e+05 -4.996510103343e-02
4.152000000000e+05 -4.996589518635e-02
4.158000000000e+05 -4.996667126532e-02
4.164000000000e+05 -4.996742968183e-02
4.170000000000e+05 -4.996817083796e-02
4.176000000000e+05 -4.996889512664e-02
4.182000000000e+05 -4.996960293185e-02
4.188000000000e+05 -4.997029462883e-02
4.194000000000e+05 -4.997097058427e-02
4.200000000000e+05 -4.997163115651e-02
4.206000000000e+05 -4.997227669571e-02
4.212000000000e+05 -4.997290754408e-02
4.218000000000e+05 -4.997352403602e-02
4.224000000000e+05 -4.997412649833e-02
4.230000000000e+05 -4.997471525036e-02
4.236000000000e+05 -4.997529060417e-02
4.242000000000e+05 -4.997585286475e-02
4.248000000000e+05 -4.997640233010e-02
4.254000000000e+05 -4.997693929148e-02
4.260000000000e+05 -4.997746403348e-02
4.266000000000e+05 -4.997797683424e-02
4.272000000000e+05 -4.997847796554e-02
4.278000000000e+05 -4.997896769298e-02
4.284000000000e+05 -4.997944627613e-02
4.290000000000e+05 -4.997991396862e-02
4.296000000000e+05 -4.998037101833e-02
4.302000000000e+05 -4.998081766749e-02
4.308000000000e+05 -4.998125415281e-02
4.314000000000e+05 -4.998168070560e-02
4.320000000000e+05 -4.998209755193e-02
4.326000000000e+05 -4.998250491271e-02
4.332000000000e+05 -4.998290300382e-02
4.338000000000e+05 -4.998329203621e-02
4.344000000000e+05 -4.998367221606e-02
4.350000000000e+05 -4.998404374483e-02
4.356000000000e+05 -4.998440681940e-02
4.362000000000e+05 -4.998476163218e-02
4.368000000000e+05 -4.998510837119e-02
4.374000000000e+05 -4.998544722016e-02
4.380000000000e+05 -4.998577835866e-02
4.386000000000e+05 -4.998610196216e-02
4.392000000000e+05 -4.998641820213e-02
4.398000000000e+05 -4.998672724614e-02
4.404000000000e+05 -4.998702925796e-02
4.410000000000e+05 -4.998732439761e-02
4.416000000000e+05 -4.998761282148e-02
4.422000000000e+05 -4.998789468241e-02
4.428000000000e+05 -4.998817012974e-02
4.434000000000e+05 -4.998843930942e-02
4.440000000000e+05 -4.998870236408e-02
4.446000000000e+05 -4.998895943311e-02
4.452000000000e+05 -4.998921065271e-02
4.458000000000e+05 -4.998945615599e-02
4.464000000000e+05 -4.998969607303e-02
4.470000000000e+05 -4.998993053096e-02
4.476000000000e+05 -4.999015965399e-02
4.482000000000e+05 -4.999038356354e-02
4.488000000000e+05 -4.999060237822e-02
4.494000000000e+05 -4.999081621398e-02
4.500000000000e+05 -4.999102518412e-02
4.506000000000e+05 -4.999122939935e-02
4.512000000000e+05 -4.999142896787e-02
4.518000000000e+05 -4.999162399542e-02
4.524000000000e+05 -4.999181458533e-02
4.530000000000e+05 -4.999200083858e-02
4.536000000000e+05 -4.999218285384e-02
4.542000000000e+05 -4.999236072756e-02
4.548000000000e+05 -4.999253455396e-02
4.554000000000e+05 -4.999270442516e-02
4.560000000000e+05 -4.999287043114e-02
4.566000000000e+05 -4.999303265985e-02
4.572000000000e+05 -4.999319119725e-02
4.578000000000e+05 -4.999334612733e-02
4.584000000000e+05 -4.999349753218e-02
4.590000000000e+05 -4.999364549200e-02
4.596000000000e+05 -4.999379008518e-02
4.602000000000e+05 -4.999393138834e-02
4.608000000000e+05 -4.999406947633e-02
4.614000000000e+05 -4.999420442231e-02
4.620000000000e+05 -4.999433629777e-02
4.626000000000e+05 -4.999446517258e-02
4.632000000000e+05 -4.999459111502e-02
4.638000000000e+05 -4.999471419181e-02
4.644000000000e+05 -4.999483446815e-02
4.650000000000e+05 -4.999495200777e-02
4.656000000000e+05 -4.999506687293e-02
4.662000000000e+05 -4.999517912450e-02
4.668000000000e+05 -4.999528882193e-02
4.674000000000e+05 -4.999539602335e-02
4.680000000000e+05 -4.999550078554e-02
4.686000000000e+05 -4.999560316402e-02
4.692000000000e+05 -4.999570321301e-02
4.698000000000e+05 -4.999580098552e-02
4.704000000000e+05 -4.999589653335e-02
4.710000000000e+05 -4.999598990712e-02
4.716000000000e+05 -4.999608115630e-02
4.722000000000e+05 -4.999617032922e-02
4.728000000000e+05 -4.999625747313e-02
4.734000000000e+05 -4.999634263420e-02
4.740000000000e+05 -4.999642585754e-02
4.746000000000e+05 -4.999650718725e-02
4.752000000000e+05 -4.999658666640e-02
4.758000000000e+05 -4.999666433710e-02
4.764000000000e+05 -4.999674024051e-02
4.770000000000e+05 -4.999681441683e-02
4.776000000000e+05 -4.999688690537e-02
4.782000000000e+05 -4.999695774452e-02
4.788000000000e+05 -4.999702697181e-02
4.794000000000e+05 -4.999709462391e-02
4.800000000000e+05 -4.999716073668e-02
4.806000000000e+05 -4.999722534513e-02
4.812000000000e+05 -4.999728848349e-02
4.818000000000e+05 -4.999735018521e-02
4.824000000000e+05 -4.999741048298e-02
4.830000000000e+05 -4.999746940874e-02
4.836000000000e+05 -4.999752699371e-02
4.842000000000e+05 -4.999758326840e-02
4.848000000000e+05 -4.999763826262e-02
4.854000000000e+05 -4.999769200550e-02
4.860000000000e+05 -4.999774452552e-02
4.866000000000e+05 -4.999779585049e-02
4.872000000000e+05 -4.999784600762e-02
4.878000000000e+05 -4.999789502348e-02
4.884000000000e+05 -4.999794292402e-02
4.890000000000e+05 -4.999798973463e-02
4.896000000000e+05 -4.999803548011e-02
4.902000000000e+05 -4.999808018469e-02
4.908000000000e+05 -4.999812387206e-02
4.914000000000e+05 -4.999816656536e-02
4.920000000000e+05 -4.999820828720e-02
4.926000000000e+05 -4.999824905970e-02
4.932000000000e+05 -4.999828890445e-02
4.938000000000e+05 -4.999832784256e-02
4.944000000000e+05 -4.999836589466e-02
4.950000000000e+05 -4.999840308092e-02
4.956000000000e+05 -4.999843942102e-02
4.962000000000e+05 -4.999847493423e-02
4.968000000000e+05 -4.999850963935e-02
4.974000000000e+05 -4.999854355478e-02
4.980000000000e+05 -4.999857669848e-02
4.986000000000e+05 -4.999860908802e-02
4.992000000000e+05 -4.999864074054e-02
4.998000000000e+05 -4.999867167283e-02
5.004000000000e+05 -4.999870190126e-02
5.010000000000e+05 -4.999873144186e-02
5.016000000000e+05 -4.999876031027e-02
5.022000000000e+05 -4.999878852179e-02
5.028000000000e+05 -4.999881609137e-02
5.034000000000e+05 -4.999884303360e-02
5.040000000000e+05 -4.999886936277e-02
5.046000000000e+05 -4.999889509283e-02
5.052000000000e+05 -4.999892023740e-02
5.058000000000e+05 -4.999894480981e-02
5.064000000000e+05 -4.999896882307e-02
5.070000000000e+05 -4.999899228992e-02
5.076000000000e+05 -4.999901522277e-02
5.082000000000e+05 -4.999903763379e-02
5.088000000000e+05 -4.999905953485e-02
5.094000000000e+05 -4.999908093754e-02
5.100000000000e+05 -4.999910185321e-02
5.106000000000e+05 -4.999912229294e-02
5.112000000000e+05 -4.999914226756e-02
5.118000000000e+05 -4.999916178765e-02
5.124000000000e+05 -4.999918086356e-02
5.130000000000e+05 -4.999919950539e-02
5.136000000000e+05 -4.999921772301e-02
5.142000000000e+05 -4.999923552609e-02
5.148000000000e+05 -4.999925292405e-02
5.154000000000e+05 -4.999926992611e-02
5.160000000000e+05 -4.999928654127e-02
5.166000000000e+05 -4.999930277835e-02
5.172000000000e+05 -4.999931864594e-02
5.178000000000e+05 -4.999933415246e-02
5.184000000000e+05 -4.999934930611e-02
5.190000000000e+05 -4.999936411493e-02
5.196000000000e+05 -4.999937858677e-02
5.202000000000e+05 -4.999939272928e-02
5.208000000000e+05 -4.999940654997e-02
5.214000000000e+05 -4.999942005615e-02
5.220000000000e+05 -4.999943325499e-02
5.226000000000e+05 -4.999944615348e-02
5.232000000000e+05 -4.999945875844e-02
5.238000000000e+05 -4.999947107657e-02
5.244000000000e+05 -4.999948311438e-02
5.250000000000e+05 -4.999949487826e-02
5.256000000000e+05 -4.999950637443e-02
5.262000000000e+05 -4.999951760899e-02
5.268000000000e+05 -4.999952858790e-02
5.274000000000e+05 -4.999953931696e-02
5.280000000000e+05 -4.999954980187e-02
5.286000000000e+05 -4.999956004818e-02
5.292000000000e+05 -4.999957006132e-02
5.298000000000e+05 -4.999957984659e-02
5.304000000000e+05 -4.999958940918e-02
5.310000000000e+05 -4.999959875416e-02
5.316000000000e+05 -4.999960788647e-02
5.322000000000e+05 -4.999961681097e-02
5.328000000000e+05 -4.999962553237e-02
5.334000000000e+05 -4.999963405529e-02
5.340000000000e+05 -4.999964238426e-02
5.346000000000e+05 -4.999965052369e-02
5.352000000000e+05 -4.999965847789e-02
5.358000000000e+05 -4.999966625107e-02
5.364000000000e+05 -4.999967384736e-02
5.370000000000e+05 -4.999968127077e-02
5.376000000000e+05 -4.999968852525e-02
5.382000000000e+05 -4.999969561463e-02
5.388000000000e+05 -4.999970254268e-02
5.394000000000e+05 -4.999970931306e-02
5.400000000000e+05 -4.999971592937e-02
5.406000000000e+05 -4.999972239511e-02
5.412000000000e+05 -4.999972871369e-02
5.418000000000e+05 -4.999973488849e-02
5.424000000000e+05 -4.999974092276e-02
5.430000000000e+05 -4.999974681970e-02
5.436000000000e+05 -4.999975258243e-02
5.442000000000e+05 -4.999975821402e-02
5.448000000000e+05 -4.999976371745e-02
5.454000000000e+05 -4.999976909563e-02
5.460000000000e+05 -4.999977435141e-02
5.466000000000e+05 -4.999977948758e-02
5.472000000000e+05 -4.999978450686e-02
5.478000000000e+05 -4.999978941190e-02
5.484000000000e+05 -4.999979420532e-02
5.490000000000e+05 -4.999979888965e-02
5.496000000000e+05 -4.999980346736e-02
5.502000000000e+05 -4.999980794090e-02
5.508000000000e+05 -4.999981231262e-02
5.514000000000e+05 -4.999981658485e-02
5.520000000000e+05 -4.999982075985e-02
5.526000000000e+05 -4.999982483983e-02
5.532000000000e+05 -4.999982882695e-02
5.538000000000e+05 -4.999983272333e-02
5.544000000000e+05 -4.999983653103e-02
5.550000000000e+05 -4.999984025207e-02
5.556000000000e+05 -4.999984388843e-02
5.562000000000e+05 -4.999984744202e-02
5.568000000000e+05 -4.999985091473e-02
5.574000000000e+05 -4.999985430841e-02
5.580000000000e+05 -4.999985762485e-02
5.586000000000e+05 -4.999986086581e-02
5.592000000000e+05 -4.999986403301e-02
5.598000000000e+05 -4.999986712812e-02
5.604000000000e+05 -4.999987015279e-02
5.610000000000e+05 -4.999987310861e-02
5.616000000000e+05 -4.999987599717e-02
5.622000000000e+05 -4.999987881998e-02
5.628000000000e+05 -4.999988157854e-02
5.634000000000e+05 -4.999988427431e-02
5.640000000000e+05 -4.999988690873e-02
5.646000000000e+05 -4.999988948319e-02
5.652000000000e+05 -4.999989199906e-02
5.658000000000e+05 -4.999989445766e-02
5.664000000000e+05 -4.999989686031e-02
5.670000000000e+05 -4.999989920826e-02
5.676000000000e+05 -4.999990150278e-02
5.682000000000e+05 -4.999990374507e-02
5.688000000000e+05 -4.999990593633e-02
5.694000000000e+05 -4.999990807771e-02
5.700000000000e+05 -4.999991017035e-02
5.706000000000e+05 -4.999991221536e-02
5.712000000000e+05 -4.999991421382e-02
5.718000000000e+05 -4.999991616680e-02
5.724000000000e+05 -4.999991807532e-02
5.730000000000e+05 -4.999991994041e-02
5.736000000000e+05 -4.999992176304e-02
5.742000000000e+05 -4.999992354418e-02
5.748000000000e+05 -4.999992528479e-02
5.754000000000e+05 -4.999992698577e-02
5.760000000000e+05 -4.999992864804e-02
5.766000000000e+05 -4.999993027247e-02
5.772000000000e+05 -4.999993185992e-02
5.778000000000e+05 -4.999993341125e-02
5.784000000000e+05 -4.999993492726e-02
5.790000000000e+05 -4.999993640876e-02
5.796000000000e+05 -4.999993785654e-02
5.802000000000e+05 -4.999993927137e-02
5.808000000000e+05 -4.999994065399e-02
5.814000000000e+05 -4.999994200514e-02
5.820000000000e+05 -4.999994332553e-02
5.826000000000e+05 -4.999994461587e-02
5.832000000000e+05 -4.999994587683e-02
5.838000000000e+05 -4.999994710910e-02
5.844000000000e+05 -4.999994831331e-02
5.850000000000e+05 -4.999994949011e-02
5.856000000000e+05 -4.999995064012e-02
5.862000000000e+05 -4.999995176396e-02
5.868000000000e+05 -4.999995286221e-02
5.874000000000e+05 -4.999995393547e-02
5.880000000000e+05 -4.999995498429e-02
5.886000000000e+05 -4.999995600924e-02
5.892000000000e+05 -4.999995701085e-02
5.898000000000e+05 -4.999995798967e-02
5.904000000000e+05 -4.999995894620e-02
5.910000000000e+05 -4.999995988096e-02
5.916000000000e+05 -4.999996079444e-02
5.922000000000e+05 -4.999996168713e-02
5.928000000000e+05 -4.999996255949e-02
5.934000000000e+05 -4.999996341200e-02
5.940000000000e+05 -4.999996424510e-02
5.946000000000e+05 -4.999996505923e-02
5.952000000000e+05 -4.999996585483e-02
5.958000000000e+05 -4.999996663232e-02
5.964000000000e+05 -4.999996739211e-02
5.970000000000e+05 -4.999996813460e-02
5.976000000000e+05 -4.999996886019e-02
5.982000000000e+05 -4.999996956927e-02
5.988000000000e+05 -4.999997026220e-02
5.994000000000e+05 -4.999997093935e-02
6.000000000000e+05 -4.999997160109e-02
6.006000000000e+05 -4.999997224776e-02
6.012000000000e+05 -4.999997287971e-02
6.018000000000e+05 -4.999997349728e-02
6.024000000000e+05 -4.999997410079e-02
6.030000000000e+05 -4.999997469055e-02
6.036000000000e+05 -4.999997526689e-02
6.042000000000e+05 -4.999997583011e-02
6.048000000000e+05 -4.999997638051e-02
6.054000000000e+05 -4.999997691838e-02
6.060000000000e+05 -4.999997744400e-02
6.066000000000e+05 -4.999997795765e-02
6.072000000000e+05 -4.999997845961e-02
6.078000000000e+05 -4.999997895015e-02
6.084000000000e+05 -4.999997942951e-02
6.090000000000e+05 -4.999997989796e-02
6.096000000000e+05 -4.999998035575e-02
6.102000000000e+05 -4.999998080311e-02
6.108000000000e+05 -4.999998124029e-02
6.114000000000e+05 -4.999998166751e-02
6.120000000000e+05 -4.999998208501e-02
6.126000000000e+05 -4.999998249300e-02
6.132000000000e+05 -4.999998289170e-02
6.138000000000e+05 -4.999998328133e-02
6.144000000000e+05 -4.999998366208e-02
6.150000000000e+05 -4.999998403417e-02
6.156000000000e+05 -4.999998439778e-02
6.162000000000e+05 -4.999998475312e-02
6.168000000000e+05 -4.999998510036e-02
6.174000000000e+05 -4.999998543970e-02
6.180000000000e+05 -4.999998577131e-02
6.186000000000e+05 -4.999998609538e-02
6.192000000000e+05 -4.999998641206e-02
6.198000000000e+05 -4.999998672153e-02
6.204000000000e+05 -4.999998702396e-02
6.210000000000e+05 -4.999998731950e-02
6.216000000000e+05 -4.999998760831e-02
6.222000000000e+05 -4.999998789054e-02
6.228000000000e+05 -4.999998816635e-02
6.234000000000e+05 -4.999998843588e-02
6.240000000000e+05 -4.999998869927e-02
6.246000000000e+05 -4.999998895667e-02
6.252000000000e+05 -4.999998920820e-02
6.258000000000e+05 -4.999998945400e-02
6.264000000000e+05 -4.999998969421e-02
6.270000000000e+05 -4.999998992895e-02
6.276000000000e+05 -4.999999015834e-02
6.282000000000e+05 -4.999999038251e-02
6.288000000000e+05 -4.999999060158e-02
6.294000000000e+05 -4.999999081566e-02
6.300000000000e+05 -4.999999102486e-02
6.306000000000e+05 -4.999999122930e-02
6.312000000000e+05 -4.999999142908e-02
6.318000000000e+05 -4.999999162432e-02
6.324000000000e+05 -4.999999181511e-02
6.330000000000e+05 -4.999999200155e-02
6.336000000000e+05 -4.999999218375e-02
6.342000000000e+05 -4.999999236180e-02
6.348000000000e+05 -4.999999253579e-02
6.354000000000e+05 -4.999999270582e-02
6.360000000000e+05 -4.999999287198e-02
6.366000000000e+05 -4.999999303436e-02
6.372000000000e+05 -4.999999319304e-02
6.378000000000e+05 -4.999999334810e-02
6.384000000000e+05 -4.999999349964e-02
6.390000000000e+05 -4.999999364772e-02
6.396000000000e+05 -4.999999379243e-02
6.402000000000e+05 -4.999999393384e-02
6.408000000000e+05 -4.999999407204e-02
6.414000000000e+05 -4.999999420709e-02
6.420000000000e+05 -4.999999433906e-02
6.426000000000e+05 -4.999999446802e-02
6.432000000000e+05 -4.999999459405e-02
6.438000000000e+05 -4.999999471721e-02
6.444000000000e+05 -4.999999483757e-02
6.450000000000e+05 -4.999999495518e-02
6.456000000000e+05 -4.999999507011e-02
6.462000000000e+05 -4.999999518243e-02
6.468000000000e+05 -4.999999529219e-02
6.474000000000e+05 -4.999999539945e-02
6.480000000000e+05 -4.999999550427e-02
6.486000000000e+05 -4.999999560670e-02
6.492000000000e+05 -4.999999570679e-02
6.498000000000e+05 -4.999999580461e-02
6.504000000000e+05 -4.999999590020e-02
6.510000000000e+05 -4.999999599361e-02
6.516000000000e+05 -4.999999608489e-02
6.522000000000e+05 -4.999999617410e-02
6.528000000000e+05 -4.999999626127e-02
6.534000000000e+05 -4.999999634646e-02
6.540000000000e+05 -4.999999642970e-02
6.546000000000e+05 -4.999999651105e-02
6.552000000000e+05 -4.999999659055e-02
6.558000000000e+05 -4.999999666824e-02
6.564000000000e+05 -4.999999674416e-02
6.570000000000e+05 -4.999999681835e-02
6.576000000000e+05 -4.999999689084e-02
6.582000000000e+05 -4.999999696169e-02
6.588000000000e+05 -4.999999703093e-02
6.594000000000e+05 -4.999999709858e-02
6.600000000000e+05 -4.999999716470e-02
6.606000000000e+05 -4.999999722931e-02
6.612000000000e+05 -4.999999729245e-02
6.618000000000e+05 -4.999999735415e-02
6.624000000000e+05 -4.999999741444e-02
6.630000000000e+05 -4.999999747336e-02
6.636000000000e+05 -4.999999753094e-02
6.642000000000e+05 -4.999999758721e-02
6.648000000000e+05 -4.999999764219e-02
6.654000000000e+05 -4.999999769593e-02
6.660000000000e+05 -4.999999774843e-02
6.666000000000e+05 -4.999999779975e-02
6.672000000000e+05 -4.999999784989e-02
6.678000000000e+05 -4.999999789889e-02
6.684000000000e+05 -4.999999794678e-02
6.690000000000e+05 -4.999999799357e-02
6.696000000000e+05 -4.999999803930e-02
6.702000000000e+05 -4.999999808399e-02
6.708000000000e+05 -4.999999812765e-02
6.714000000000e+05 -4.999999817033e-02
6.720000000000e+05 -4.999999821203e-02
6.726000000000e+05 -4.999999825278e-02
6.732000000000e+05 -4.999999829260e-02
6.738000000000e+05 -4.999999833152e-02
6.744000000000e+05 -4.999999836955e-02
6.750000000000e+05 -4.999999840671e-02
6.756000000000e+05 -4.999999844303e-02
6.762000000000e+05 -4.999999847852e-02
6.768000000000e+05 -4.999999851320e-02
6.774000000000e+05 -4.999999854709e-02
6.780000000000e+05 -4.999999858020e-02
6.786000000000e+05 -4.999999861257e-02
6.792000000000e+05 -4.999999864419e-02
6.798000000000e+05 -4.999999867510e-02
6.804000000000e+05 -4.999999870530e-02
6.810000000000e+05 -4.999999873481e-02
6.816000000000e+05 -4.999999876365e-02
6.822000000000e+05 -4.999999879184e-02
6.828000000000e+05 -4.999999881938e-02
6.834000000000e+05 -4.999999884629e-02
6.840000000000e+05 -4.999999887259e-02
6.846000000000e+05 -4.999999889829e-02
6.852000000000e+05 -4.999999892341e-02
6.858000000000e+05 -4.999999894795e-02
6.864000000000e+05 -4.999999897194e-02
6.870000000000e+05 -4.999999899537e-02
6.876000000000e+05 -4.999999901828e-02
6.882000000000e+05 -4.999999904066e-02
6.888000000000e+05 -4.999999906253e-02
6.894000000000e+05 -4.999999908390e-02
6.900000000000e+05 -4.999999910479e-02
6.906000000000e+05 -4.999999912520e-02
6.912000000000e+05 -4.999999914515e-02
6.918000000000e+05 -4.999999916464e-02
6.924000000000e+05 -4.999999918368e-02
6.930000000000e+05 -4.999999920230e-02
6.936000000000e+05 -4.999999922048e-02
6.942000000000e+05 -4.999999923826e-02
6.948000000000e+05 -4.999999925563e-02
6.954000000000e+05 -4.999999927260e-02
6.960000000000e+05 -4.999999928919e-02
6.966000000000e+05 -4.999999930539e-02
6.972000000000e+05 -4.999999932123e-02
6.978000000000e+05 -4.999999933671e-02
6.984000000000e+05 -4.999999935183e-02
6.990000000000e+05 -4.999999936662e-02
6.996000000000e+05 -4.999999938106e-02
7.002000000000e+05 -4.999999939517e-02
7.008000000000e+05 -4.999999940896e-02
7.014000000000e+05 -4.999999942244e-02
7.020000000000e+05 -4.999999943561e-02
7.026000000000e+05 -4.999999944848e-02
7.032000000000e+05 -4.999999946106e-02
7.038000000000e+05 -4.999999947335e-02
7.044000000000e+05 -4.999999948536e-02
7.050000000000e+05 -4.999999949710e-02
7.056000000000e+05 -4.999999950857e-02
7.062000000000e+05 -4.999999951978e-02
7.068000000000e+05 -4.999999953073e-02
7.074000000000e+05 -4.999999954143e-02
7.080000000000e+05 -4.999999955189e-02
7.086000000000e+05 -4.999999956211e-02
7.092000000000e+05 -4.999999957210e-02
7.098000000000e+05 -4.999999958186e-02
7.104000000000e+05 -4.999999959140e-02
7.110000000000e+05 -4.999999960072e-02
7.116000000000e+05 -4.999999960983e-02
7.122000000000e+05 -4.999999961872e-02
7.128000000000e+05 -4.999999962742e-02
7.134000000000e+05 -4.999999963592e-02
7.140000000000e+05 -4.999999964423e-02
7.146000000000e+05 -4.999999965234e-02
7.152000000000e+05 -4.999999966027e-02
7.158000000000e+05 -4.999999966802e-02
7.164000000000e+05 -4.999999967560e-02
7.170000000000e+05 -4.999999968300e-02
7.176000000000e+05 -4.999999969023e-02
7.182000000000e+05 -4.999999969729e-02
7.188000000000e+05 -4.999999970420e-02
7.194000000000e+05 -4.999999971095e-02
7.200000000000e+05 -4.999999971754e-02
7.206000000000e+05 -4.999999972399e-02
7.212000000000e+05 -4.999999973028e-02
7.218000000000e+05 -4.999999973644e-02
7.224000000000e+05 -4.999999974245e-02
7.230000000000e+05 -4.999999974833e-02
7.236000000000e+05 -4.999999975407e-02
7.242000000000e+05 -4.999999975968e-02
7.248000000000e+05 -4.999999976516e-02
7.254000000000e+05 -4.999999977052e-02
7.260000000000e+05 -4.999999977576e-02
7.266000000000e+05 -4.999999978088e-02
7.272000000000e+05 -4.999999978588e-02
7.278000000000e+05 -4.999999979076e-02
7.284000000000e+05 -4.999999979554e-02
7.290000000000e+05 -4.999999980020e-02
7.296000000000e+05 -4.999999980476e-02
7.302000000000e+05 -4.999999980922e-02
7.308000000000e+05 -4.999999981357e-02
7.314000000000e+05 -4.999999981782e-02
7.320000000000e+05 -4.999999982198e-02
7.326000000000e+05 -4.999999982605e-02
7.332000000000e+05 -4.999999983002e-02
7.338000000000e+05 -4.999999983389e-02
7.344000000000e+05 -4.999999983769e-02
7.350000000000e+05 -4.999999984139e-02
7.356000000000e+05 -4.999999984501e-02
7.362000000000e+05 -4.999999984855e-02
7.368000000000e+05 -4.999999985200e-02
7.374000000000e+05 -4.999999985538e-02
7.380000000000e+05 -4.999999985868e-02
7.386000000000e+05 -4.999999986191e-02
7.392000000000e+05 -4.999999986506e-02
7.398000000000e+05 -4.999999986814e-02
7.404000000000e+05 -4.999999987115e-02
7.410000000000e+05 -4.999999987409e-02
7.416000000000e+05 -4.999999987697e-02
7.422000000000e+05 -4.999999987977e-02
7.428000000000e+05 -4.999999988252e-02
7.434000000000e+05 -4.999999988520e-02
7.440000000000e+05 -4.999999988782e-02
7.446000000000e+05 -4.999999989038e-02
7.452000000000e+05 -4.999999989289e-02
7.458000000000e+05 -4.999999989533e-02
7.464000000000e+05 -4.999999989772e-02
7.470000000000e+05 -4.999999990006e-02
7.476000000000e+05 -4.999999990234e-02
7.482000000000e+05 -4.999999990457e-02
7.488000000000e+05 -4.999999990675e-02
7.494000000000e+05 -4.999999990888e-02
7.500000000000e+05 -4.999999991096e-02
7.506000000000e+05 -4.999999991299e-02
7.512000000000e+05 -4.999999991498e-02
7.518000000000e+05 -4.999999991692e-02
7.524000000000e+05 -4.999999991882e-02
7.530000000000e+05 -4.999999992067e-02
7.536000000000e+05 -4.999999992248e-02
7.542000000000e+05 -4.999999992425e-02
7.548000000000e+05 -4.999999992598e-02
7.554000000000e+05 -4.999999992767e-02
7.560000000000e+05 -4.999999992933e-02
7.566000000000e+05 -4.999999993094e-02
7.572000000000e+05 -4.999999993252e-02
7.578000000000e+05 -4.999999993406e-02
7.584000000000e+05 -4.999999993556e-02
7.590000000000e+05 -4.999999993704e-02
7.596000000000e+05 -4.999999993847e-02
7.602000000000e+05 -4.999999993988e-02
7.608000000000e+05 -4.999999994125e-02
7.614000000000e+05 -4.999999994260e-02
7.620000000000e+05 -4.999999994391e-02
7.626000000000e+05 -4.999999994519e-02
7.632000000000e+05 -4.999999994644e-02
7.638000000000e+05 -4.999999994766e-02
7.644000000000e+05 -4.999999994886e-02
7.650000000000e+05 -4.999999995003e-02
7.656000000000e+05 -4.999999995117e-02
7.662000000000e+05 -4.999999995228e-02
7.668000000000e+05 -4.999999995337e-02
7.674000000000e+05 -4.999999995444e-02
7.680000000000e+05 -4.999999995548e-02
7.686000000000e+05 -4.999999995650e-02
7.692000000000e+05 -4.999999995749e-02
7.698000000000e+05 -4.999999995846e-02
7.704000000000e+05 -4.999999995941e-02
7.710000000000e+05 -4.999999996034e-02
7.716000000000e+05 -4.999999996125e-02
7.722000000000e+05 -4.999999996213e-02
7.728000000000e+05 -4.999999996300e-02
7.734000000000e+05 -4.999999996384e-02
7.740000000000e+05 -4.999999996467e-02
7.746000000000e+05 -4.999999996548e-02
7.752000000000e+05 -4.999999996627e-02
7.758000000000e+05 -4.999999996704e-02
7.764000000000e+05 -4.999999996779e-02
7.770000000000e+05 -4.999999996853e-02
7.776000000000e+05 -4.999999996924e-02
7.782000000000e+05 -4.999999996995e-02
7.788000000000e+05 -4.999999997063e-02
7.794000000000e+05 -4.999999997131e-02
7.800000000000e+05 -4.999999997196e-02
7.806000000000e+05 -4.999999997260e-02
7.812000000000e+05 -4.999999997323e-02
7.818000000000e+05 -4.999999997384e-02
7.824000000000e+05 -4.999999997444e-02
7.830000000000e+05 -4.999999997502e-02
7.836000000000e+05 -4.999999997560e-02
7.842000000000e+05 -4.999999997615e-02
7.848000000000e+05 -4.999999997670e-02
7.854000000000e+05 -4.999999997723e-02
7.860000000000e+05 -4.999999997775e-02
7.866000000000e+05 -4.999999997826e-02
7.872000000000e+05 -4.999999997876e-02
7.878000000000e+05 -4.999999997924e-02
7.884000000000e+05 -4.999999997972e-02
7.890000000000e+05 -4.999999998018e-02
7.896000000000e+05 -4.999999998063e-02
7.902000000000e+05 -4.999999998108e-02
7.908000000000e+05 -4.999999998151e-02
7.914000000000e+05 -4.999999998193e-02
7.920000000000e+05 -4.999999998235e-02
7.926000000000e+05 -4.999999998275e-02
7.932000000000e+05 -4.999999998315e-02
7.938000000000e+05 -4.999999998353e-02
7.944000000000e+05 -4.999999998391e-02
7.950000000000e+05 -4.999999998428e-02
7.956000000000e+05 -4.999999998464e-02
7.962000000000e+05 -4.999999998499e-02
7.968000000000e+05 -4.999999998533e-02
7.974000000000e+05 -4.999999998567e-02
7.980000000000e+05 -4.999999998599e-02
7.986000000000e+05 -4.999999998631e-02
7.992000000000e+05 -4.999999998663e-02
7.998000000000e+05 -4.999999998693e-02
8.004000000000e+05 -4.999999998723e-02
8.010000000000e+05 -4.999999998752e-02
8.016000000000e+05 -4.999999998781e-02
8.022000000000e+05 -4.999999998809e-02
8.028000000000e+05 -4.999999998836e-02
8.034000000000e+05 -4.999999998863e-02
8.040000000000e+05 -4.999999998889e-02
8.046000000000e+05 -4.999999998914e-02
8.052000000000e+05 -4.999999998939e-02
8.058000000000e+05 -4.999999998963e-02
8.064000000000e+05 -4.999999998987e-02
8.070000000000e+05 -4.999999999010e-02
8.076000000000e+05 -4.999999999033e-02
8.082000000000e+05 -4.999999999055e-02
8.088000000000e+05 -4.999999999077e-02
8.094000000000e+05 -4.999999999098e-02
8.100000000000e+05 -4.999999999118e-02
8.106000000000e+05 -4.999999999139e-02
8.112000000000e+05 -4.999999999158e-02
8.118000000000e+05 -4.999999999178e-02
8.124000000000e+05 -4.999999999197e-02
8.130000000000e+05 -4.999999999215e-02
8.136000000000e+05 -4.999999999233e-02
8.142000000000e+05 -4.999999999251e-02
8.148000000000e+05 -4.999999999268e-02
8.154000000000e+05 -4.999999999284e-02
8.160000000000e+05 -4.999999999301e-02
8.166000000000e+05 -4.999999999317e-02
8.172000000000e+05 -4.999999999332e-02
8.178000000000e+05 -4.999999999348e-02
8.184000000000e+05 -4.999999999363e-02
8.190000000000e+05 -4.999999999377e-02
8.196000000000e+05 -4.999999999391e-02
8.202000000000e+05 -4.999999999405e-02
8.208000000000e+05 -4.999999999419e-02
8.214000000000e+05 -4.999999999432e-02
8.220000000000e+05 -4.999999999445e-02
8.226000000000e+05 -4.999999999458e-02
8.232000000000e+05 -4.999999999470e-02
8.238000000000e+05 -4.999999999482e-02
8.244000000000e+05 -4.999999999494e-02
8.250000000000e+05 -4.999999999506e-02
8.256000000000e+05 -4.999999999517e-02
8.262000000000e+05 -4.999999999528e-02
8.268000000000e+05 -4.999999999539e-02
8.274000000000e+05 -4.999999999550e-02
8.280000000000e+05 -4.999999999560e-02
8.286000000000e+05 -4.999999999570e-02
8.292000000000e+05 -4.999999999580e-02
8.298000000000e+05 -4.999999999590e-02
8.304000000000e+05 -4.999999999599e-02
8.310000000000e+05 -4.999999999608e-02
8.316000000000e+05 -4.999999999617e-02
8.322000000000e+05 -4.999999999626e-02
8.328000000000e+05 -4.999999999635e-02
8.334000000000e+05 -4.999999999643e-02
8.340000000000e+05 -4.999999999651e-02
8.346000000000e+05 -4.999999999659e-02
8.352000000000e+05 -4.999999999667e-02
8.358000000000e+05 -4.999999999674e-02
8.364000000000e+05 -4.999999999682e-02
8.370000000000e+05 -4.999999999689e-02
8.376000000000e+05 -4.999999999696e-02
8.382000000000e+05 -4.999999999703e-02
8.388000000000e+05 -4.999999999710e-02
8.394000000000e+05 -4.999999999717e-02
8.400000000000e+05 -4.999999999723e-02
8.406000000000e+05 -4.999999999729e-02
8.412000000000e+05 -4.999999999736e-02
8.418000000000e+05 -4.999999999742e-02
8.424000000000e+05 -4.999999999748e-02
8.430000000000e+05 -4.999999999753e-02
8.436000000000e+05 -4.999999999759e-02
8.442000000000e+05 -4.999999999765e-02
8.448000000000e+05 -4.999999999770e-02
8.454000000000e+05 -4.999999999775e-02
8.460000000000e+05 -4.999999999780e-02
8.466000000000e+05 -4.999999999785e-02
8.472000000000e+05 -4.999999999790e-02
8.478000000000e+05 -4.999999999795e-02
8.484000000000e+05 -4.999999999800e-02
8.490000000000e+05 -4.999999999804e-02
8.496000000000e+05 -4.999999999809e-02
8.502000000000e+05 -4.999999999813e-02
8.508000000000e+05 -4.999999999818e-02
8.514000000000e+05 -4.999999999822e-02
8.520000000000e+05 -4.999999999826e-02
8.526000000000e+05 -4.999999999830e-02
8.532000000000e+05 -4.999999999834e-02
8.538000000000e+05 -4.999999999837e-02
8.544000000000e+05 -4.999999999841e-02
8.550000000000e+05 -4.999999999845e-02
8.556000000000e+05 -4.999999999848e-02
8.562000000000e+05 -4.999999999852e-02
8.568000000000e+05 -4.999999999855e-02
8.574000000000e+05 -4.999999999859e-02
8.580000000000e+05 -4.999999999862e-02
8.586000000000e+05 -4.999999999865e-02
8.592000000000e+05 -4.999999999868e-02
8.598000000000e+05 -4.999999999871e-02
8.604000000000e+05 -4.999999999874e-02
8.610000000000e+05 -4.999999999877e-02
8.616000000000e+05 -4.999999999880e-02
8.622000000000e+05 -4.999999999882e-02
8.628000000000e+05 -4.999999999885e-02
8.634000000000e+05 -4.999999999888e-02
8.640000000000e+05 -4.999999999890e-02
